	123456789
	
A	000000000
B	302540000
C	050301070
D	000000004
E	479006005
F	023054790
G	000000050
H	700810000
I	080060009




	123456789
	
A	148697523
B	372548961
C	956321478
D	567983214
E	419276385
F	823154796
G	691432857
H	735819642
I	284765139




{'A1': [1, 6, 8, 9]
'A2': [1, 4, 6, 7, 9]
'A3': [1, 4, 6, 7, 8]
'A4': [2, 6, 7, 9]
'A5': [2, 7, 8, 9]
'A6': [2, 7, 8, 9]
'A7': [1, 2, 3, 4, 5, 6, 8, 9]
'A8': [1, 2, 3, 4, 6, 8]
'A9': [1, 2, 3, 6, 8], 
'B1': [3]
'B2': [1, 6, 7, 9]
'B3': [2]
'B4': [5]
'B5': [4]
'B6': [7, 8, 9]
'B7': [1, 6, 8, 9]
'B8': [1, 6, 8]
'B9': [1, 6, 8]
'C1': [6, 8, 9]
'C2': [5]
'C3': [4, 6, 8]
'C4': [3]
'C5': [2, 8, 9]
'C6': [1]
'C7': [2, 4, 6, 8, 9]
'C8': [7]
'C9': [2, 6, 8]
'D1': [1, 5, 6, 8]
'D2': [1, 6, 7]
'D3': [1, 5, 6, 7, 8]
'D4': [2, 7, 9]
'D5': [2, 3, 7, 8, 9]
'D6': [2, 3, 7, 8, 9]
'D7': [1, 2, 3, 6, 8]
'D8': [1, 2, 3, 6, 8]
'D9': [4], 'E1': [4]
'E2': [1, 7]
'E3': [9]
'E4': [2, 7]
'E5': [2, 3, 7, 8]
'E6': [6]
'E7': [1, 2, 3, 8]
'E8': [1, 2, 3, 8]
'E9': [5]
'F1': [6, 8]
'F2': [2]
'F3': [3]
'F4': [1]
'F5': [5]
'F6': [4]
'F7': [7]
'F8': [9]
'F9': [6, 8]
'G1': [1, 2, 6, 9]
'G2': [1, 3, 4, 6, 9]
'G3': [1, 4, 6]
'G4': [2, 4, 7, 9]
'G5': [2, 3, 7, 9]
'G6': [2, 3, 7, 9]
'G7': [1, 2, 3, 4, 6, 8]
'G8': [5]
'G9': [1, 2, 3, 6, 7, 8]
'H1': [7]
'H2': [3, 4, 6, 9]
'H3': [4, 5, 6]
'H4': [8]
'H5': [1]
'H6': [2, 3, 5, 9]
'H7': [2, 3, 4, 6]
'H8': [2, 3, 4, 6]
'H9': [2, 3, 6]
'I1': [1, 2, 5]
'I2': [8]
'I3': [1, 4, 5]
'I4': [2, 4, 7]
'I5': [6]
'I6': [2, 3, 5, 7]
'I7': [1, 2, 3, 4]
'I8': [1, 2, 3, 4]
'I9': [9]}